$ 3 0.000005 21.593987231061412 66 5 50
a 256 240 96 240 8 10 0 1000000 0.4544695003078684 0.4544740450028715 100000
r 320 256 400 256 0 20000
r 448 256 448 368 0 50000
r 448 256 448 16 0 950000
g 448 368 448 464 0
v 320 432 320 384 0 0 40 1.225 0 0 0.5
g 320 432 320 464 0
r 320 384 320 320 0 18000
w 320 320 320 256 0
w 320 256 256 256 2
w 448 16 528 16 3
w 64 240 96 240 2
w 400 256 448 256 2
w 256 224 288 224 2
R 608 16 608 80 0 3 50 50 0 0 0.5
w 528 16 608 16 0
w 288 224 288 144 0
w 96 240 96 144 0
v 656 88 656 40 0 0 40 -50 0 0 0.5
g 656 88 656 112 0
403 -304 40 0 216 0 11_64_0_4099_5_0.00009765625_1_2_11_3
403 680 -8 992 192 0 14_64_0_4099_80_0.0001953125_0_2_14_3
w 608 16 656 16 0
403 48 296 288 448 0 9_64_0_4099_5_0.00009765625_0_2_9_3
w 96 144 288 144 0
