$ 3 0.000005 0.8031194996067259 66 5 50
a 256 240 96 240 8 10 0 1000000 0.3590589663300378 0.3590625569197011 100000
r 320 256 400 256 0 50000
r 448 256 448 368 0 500000
r 448 256 448 16 0 500000
v 192 384 248 384 0 0 40 1.225 0 0 0.5
r 320 352 320 288 0 1500
w 320 288 320 256 0
w 320 256 256 256 2
w 448 16 528 16 3
w 64 240 96 240 2
w 400 256 448 256 3
w 256 224 288 224 2
w 288 224 288 144 0
w 96 240 96 144 0
g 808 224 808 248 0
403 -304 40 0 216 0 9_64_0_4099_2.5_0.00009765625_1_2_9_3
403 -264 304 -24 456 0 7_64_0_4099_2.5_0.00009765625_0_2_7_3
w 96 144 288 144 0
d 888 176 936 224 2 default
d 888 272 936 224 2 default
d 840 224 888 272 2 default
d 840 224 888 176 2 default
w 888 136 888 176 0
w 888 272 888 304 0
w 888 136 1000 136 0
w 888 304 1000 304 0
w 936 224 936 160 0
w 840 224 808 224 0
v 1000 176 1000 248 0 3 50 50 0 0 0.5
w 1000 176 1000 136 0
w 1000 248 1000 304 0
r 808 160 736 160 0 5000
34 zvoltage\q10 0 1.7143528192808883e-7 0 2 10
z 736 216 736 160 2 zvoltage\q10
w 736 160 688 160 2
g 736 216 736 240 0
g 192 384 192 408 0
v 1064 248 1064 176 0 0 40 3 0 0 0.5
v 1120 176 1120 248 0 0 40 50 0 0 0.5
w 528 16 1000 16 0
w 448 368 1000 368 0
w 1000 368 1000 304 0
w 1000 16 1000 136 0
w 808 160 936 160 0
r 320 472 320 408 0 17000
r 248 384 320 384 0 40000
w 320 408 320 384 0
w 320 384 320 352 0
g 320 472 320 496 0
